
-0 -0 -0 0 1 0 0 0 -1

-0 -0 -9.8 0 0.9992 -0.0399893 0 -0.0399893 -0.9992

1.60075 0.140005 -22.5703 -0.00778785 0.9998 0.01842 0.38934 0.0199987 -0.920877

7.99072 0.36399 -31.5583 -0.015911 0.9998 0.0121156 0.795442 0.0199987 -0.605699

17.2293 0.567977 -35.4831 -0.019876 0.9998 0.00221126 0.99367 0.0199987 -0.110548

31.8222 1.41276 -27.0433 -0.158253 0.980067 -0.120106 0.780688 0.198669 0.5925

42.7519 4.19413 -18.7484 -0.158253 0.980067 -0.120106 0.780688 0.198669 0.5925

45.7186 4.94907 -16.4969 -0.158253 0.980067 -0.120106 0.780688 0.198669 0.5925

61.396 6.1913 -7.42593 -0.0720164 0.902047 -0.425587 0.905885 0.237703 0.350529

<<<<<<< HEAD
64.8763 0.353458 -26.8529 0.0966329 0.990268 -0.100156 0.687579 -0.139173 -0.712647

82.0119 7.61221 -35.0361 -0.181868 0.942755 0.279531 0.514133 0.333487 -0.790224

91.3752 6.71148 -49.4272 0.232287 0.904752 -0.357026 0.493408 -0.42594 -0.758369

93.8424 4.14879 -53.2193 0.270975 0.867819 -0.416489 0.473267 -0.49688 -0.727412

106.468 -3.25974 -72.6249 0.0652853 0.992809 -0.100344 0.54143 -0.119712 -0.832179

102.297 -2.63724 -85.9042 -0.10767 0.992809 0.0523284 -0.892936 -0.119712 0.433975

94.7166 -2.63724 -92.666 -0.0188838 0.992809 0.118213 -0.156609 -0.119712 0.980379

84.7212 -2.63724 -93.4397 0.369654 0.929166 0.00234068 0.294907 -0.119712 0.947997

88.2154 -3.69071 -85.5333 0.310485 0.929167 -0.200621 0.766204 -0.119712 0.631349

96.2815 -4.76812 -82.3143 0.115275 0.929166 -0.351228 0.992767 -0.119712 0.00913681

103.297 -5.74976 -86.1175 -0.269411 0.880616 -0.389786 0.669439 -0.119712 -0.733158

108.438 -7.04796 -99.1381 -0.0925996 0.991022 0.0964391 0.293395 0.119712 -0.948466

112.174 -5.92266 -107.573 0.149723 0.942409 0.299078 0.683967 0.119712 -0.719623

113.052 -5.77901 -108.377 0.112843 0.942409 0.314851 0.765196 0.119712 -0.632569

124.563 -4.31852 -110.172 -0.193205 0.942409 0.273014 0.957051 0.119712 0.26405

132.184 -2.90591 -102.165 -0.329916 0.942409 -0.0549565 0.179299 0.119712 0.976484
=======
73.8935 7.81199 -5.90776 -0.120943 0.985269 0.120903 0.980795 0.0998334 0.167555

90.0577 9.50919 -1.25091 -0.239064 0.908527 0.342675 0.92059 0.0998334 0.377555

106.444 11.2863 5.46957 -0.390082 0.188694 0.901239 0.92059 0.0998334 0.377555

108.102 11.466 6.14917 -0.337351 -0.283763 0.897593 0.92059 0.0998334 0.377555

116.755 12.4044 9.69818 0.158238 -0.979211 -0.126908 0.92059 0.0998334 0.377555

130.196 13.862 15.2105 0.297082 0.4485 -0.842965 0.92059 0.0998334 0.377555

146.082 12.6787 22.4681 0.396199 0.67975 -0.617225 0.831218 0.0199987 0.555587

157.68 10.7211 31.0241 0.215581 0.976388 0.0138452 0.771645 -0.17903 0.610338

164.713 12.2362 36.5872 -0.350338 0.830124 -0.433772 0.656052 0.548024 0.518908

167.987 18.0915 39.1765 -0.698938 0.0899853 -0.709499 0.0711159 0.995881 0.0562496

164.615 28.1951 36.509 0.290143 -0.954209 0.0728209 -0.754117 -0.274822 -0.596474

159.275 18.627 29.7549 0.845581 -0.150653 0.512148 -0.119062 -0.988411 -0.0941727

160.318 11.6905 30.5801 0.777921 0.42953 0.458632 0.33946 -0.901485 0.268498

166.198 4.41114 35.6785 0.200217 0.879483 0.431767 0.557904 -0.464606 0.687666

169.919 2.30061 44.5752 -0.311531 0.950229 0.00352844 0.00159492 -0.00319034 0.999994

169.823 2.29232 47.1734 -0.311423 0.950229 -0.00893229 -0.0383954 -0.00319034 0.999258

165.402 3.40822 55.4012 -0.117894 0.93542 -0.333302 -0.662615 0.17589 0.728014

164.342 3.68964 56.566 -0.117894 0.93542 -0.333302 -0.662615 0.17589 0.728014
>>>>>>> ba47524130cc83ca4016e840c77a8da6c1b6e3e3
