
-0 -0 -0 0 1 0 0 0 -1

-0 -0 -12 0 1 0 0 0 -1

2.97244 -0 -29.441 0 1 0 0.479426 0 -0.877583

10.5474 -0 -38.0579 0 1 0 0.908633 0 -0.417595

19.4578 -0 -40.7834 0 1 0 0.991458 0 -0.130424

34.4046 -3.64479 -19.0943 -0.123737 0.984041 -0.127879 0.684276 0.177943 0.70718

43.5484 -1.39104 -18.0293 -0.194462 0.980785 -0.0156438 0.977627 0.19509 0.0786465

53.6209 0.0190046 -20.0762 -0.0418438 0.998848 0.0234733 0.871139 0.0479781 -0.488686

58.325 0.278086 -22.7151 -0.0418438 0.998848 0.0234733 0.871139 0.0479781 -0.488686

64.8763 0.353458 -26.8529 0.0966329 0.990268 -0.100156 0.687579 -0.139173 -0.712647
